# R script for Peak Model
#  -- generated by MACS
p <- c(0.043969478138,0.0526043110539,0.0604438304119,0.0672608037666,0.0751003231245,0.074986706902,0.0768045664632,0.07578202046,0.0746458582342,0.0738505446762,0.0738505446762,0.0731688473407,0.0715782202246,0.0719190688923,0.072827998673,0.0739641608987,0.0751003231245,0.0744186257891,0.0737369284536,0.0743050095665,0.0754411717923,0.0752139393471,0.0764637177955,0.0764637177955,0.07578202046,0.0745322420116,0.0735096960084,0.0733960797859,0.0740777771213,0.073623312231,0.072827998673,0.0722599175601,0.0713509877794,0.070669290444,0.0698739768859,0.0691922795504,0.0682833497698,0.069305895773,0.0680561173247,0.0690786633279,0.0688514308827,0.0702148255537,0.0722599175601,0.072827998673,0.0729416148955,0.0737369284536,0.0735096960084,0.0735096960084,0.0744186257891,0.0739641608987,0.0743050095665,0.0726007662278,0.0713509877794,0.0712373715569,0.0721463013375,0.0711237553343,0.0716918364472,0.0710101391117,0.0690786633279,0.069305895773,0.0688514308827,0.068510582215,0.0670335713214,0.0664654902086,0.0640795495344,0.0637387008667,0.0636250846441,0.0629433873086,0.0635114684215,0.0636250846441,0.0615799926377,0.0627161548635,0.0635114684215,0.0653293279828,0.0662382577634,0.067147187544,0.0661246415408,0.0681697335472,0.070669290444,0.0695331282182,0.071464604002,0.0702148255537,0.0696467444408,0.0676016524343,0.0670335713214,0.0672608037666,0.0674880362118,0.0676016524343,0.0665791064311,0.0677152686569,0.0661246415408,0.0658974090957,0.0657837928731,0.0669199550989,0.0677152686569,0.0676016524343,0.0668063388763,0.0666927226537,0.0678288848795,0.0676016524343,0.0678288848795,0.069305895773,0.0716918364472,0.0707829066665,0.0699875931085,0.0696467444408,0.071464604002,0.0720326851149,0.0705556742214,0.0694195119956,0.0701012093311,0.068510582215,0.0674880362118,0.0687378146601,0.0697603606633,0.0707829066665,0.0703284417762,0.069305895773,0.0696467444408,0.0686241984375,0.0702148255537,0.0697603606633,0.0697603606633,0.0690786633279,0.069305895773,0.0661246415408,0.0652157117602,0.0661246415408,0.0658974090957,0.0676016524343,0.0662382577634,0.0670335713214,0.0662382577634,0.0657837928731,0.0652157117602,0.0666927226537,0.0677152686569,0.0662382577634,0.0651020955376,0.0643067819796,0.0640795495344,0.064193165757,0.0632842359763,0.0633978521989,0.0629433873086,0.0622616899731,0.060671062857,0.0599893655216,0.0610119115248,0.0618072250828,0.0623753061957,0.0615799926377,0.0629433873086,0.0631706197538,0.0640795495344,0.0653293279828,0.0679425011021,0.0678288848795,0.0689650471053,0.0688514308827,0.0694195119956,0.0690786633279,0.0683969659924,0.0679425011021,0.064988479315,0.0637387008667,0.0610119115248,0.0602165979667,0.0593076681861,0.0582851221829,0.0571489599571,0.0583987384055,0.0591940519635,0.0593076681861,0.0623753061957,0.0644203982021,0.0652157117602,0.0657837928731,0.0662382577634,0.0669199550989,0.0652157117602,0.0648748630925,0.0644203982021,0.0630570035312,0.0616936088602,0.060671062857,0.0614663764151,0.0627161548635,0.062034457528,0.062829771086,0.0643067819796,0.0635114684215,0.0621480737506,0.0622616899731,0.0639659333118,0.0630570035312,0.0622616899731,0.0622616899731,0.0612391439699,0.0591940519635,0.0591940519635,0.0591940519635,0.0605574466345,0.0618072250828,0.0590804357409,0.0588532032958,0.0590804357409,0.0581715059603,0.058512354628,0.0602165979667,0.0587395870732,0.0580578897377,0.0573761924023,0.0571489599571,0.0572625761797,0.0573761924023,0.0565808788442,0.0566944950668,0.0576034248474,0.0560127977313,0.0565808788442,0.05771704107,0.05771704107,0.0573761924023,0.0562400301765,0.0576034248474,0.0572625761797,0.0570353437345,0.0558991815087,0.0573761924023,0.0587395870732,0.0581715059603,0.05771704107,0.0596485168538,0.0618072250828,0.0603302141893,0.0611255277474,0.0611255277474,0.0602165979667,0.0610119115248,0.0594212844087,0.0589668195184,0.0596485168538,0.0564672626216,0.0558991815087,0.0571489599571,0.0574898086248,0.0570353437345,0.0578306572926,0.05771704107,0.0586259708506,0.0588532032958,0.0578306572926,0.0591940519635,0.060671062857,0.0595349006313,0.059875749299,0.0605574466345,0.0597621330764,0.0595349006313,0.0583987384055,0.059875749299,0.0611255277474,0.0608982953022,0.0595349006313,0.0602165979667,0.0602165979667,0.0594212844087,0.0604438304119,0.0605574466345,0.0612391439699,0.0604438304119,0.0587395870732,0.059875749299,0.0596485168538,0.059875749299,0.0586259708506,0.0595349006313,0.0593076681861,0.0572625761797,0.0578306572926,0.058512354628,0.0601029817441,0.0583987384055,0.0597621330764,0.0580578897377,0.0582851221829,0.0569217275119,0.0566944950668,0.0560127977313,0.0570353437345,0.0558991815087,0.0565808788442,0.0581715059603,0.0570353437345,0.0582851221829,0.0589668195184,0.060671062857,0.0607846790796,0.0604438304119,0.0615799926377,0.0683969659924,0.0733960797859,0.0793041233599,0.0866891778276,0.0968010216371,0.105663086998,0.111116665682,0.121682974382,0.135089688646,0.143270056672,0.147133008239,0.149405332691,0.150768727362,0.150995959807,0.154404446484,0.155313376265,0.159289944055,0.158040165607,0.155881457378,0.154858911375,0.155654224933,0.156108689823,0.156449538491,0.160312490059,0.156563154713,0.157244852049,0.155881457378,0.155995073601,0.156790387159,0.158381014275,0.15815378183,0.157585700717,0.159176327833,0.158381014275,0.160653338726,0.160766954949,0.162698430733,0.164061825404,0.163720976736,0.162016733397,0.16258481451,0.164289057849,0.165197987629,0.164289057849,0.162925663178,0.161221419839,0.160653338726,0.15906271161,0.160085257613,0.160198873836,0.159744408946,0.160653338726,0.159403560278,0.161448652284,0.160653338726,0.160994187394,0.162016733397,0.166447766078,0.166788614746,0.168833706752,0.169288171642,0.171333263649,0.173491971878,0.174628134103,0.174173669213,0.175877912552,0.173719204323,0.168833706752,0.166447766078,0.164061825404,0.160653338726,0.157699316939,0.158494630497,0.154404446484,0.155654224933,0.154177214039,0.156108689823,0.156790387159,0.15906271161,0.158267398052,0.158949095388,0.159744408946,0.155995073601,0.156449538491,0.157585700717,0.155995073601,0.155881457378,0.157358468272,0.156108689823,0.157812933162,0.160880571171,0.161448652284,0.163720976736,0.1665613823,0.164629906517,0.169288171642,0.170197101423,0.168492858084,0.171106031204,0.172242193429,0.1736055881,0.171446879871,0.173264739433,0.172469425875,0.172923890765,0.171333263649,0.172469425875,0.172810274542,0.170651566313,0.169060939197,0.167356695858,0.17269665832,0.171560496094,0.171106031204,0.1700834852,0.168492858084,0.164061825404,0.165538836297,0.166788614746,0.165766068742,0.167129463413,0.162698430733,0.162698430733,0.162698430733,0.165766068742,0.166674998523,0.168947322975,0.171219647426,0.16962902031,0.170992414981,0.168720090529,0.16917455542,0.170651566313,0.169856252755,0.169742636533,0.168038393194,0.168606474307,0.166902230968,0.169060939197,0.16917455542,0.169515404087,0.168265625639,0.166788614746,0.167583928304,0.166788614746,0.16917455542,0.171901344762,0.171106031204,0.169742636533,0.170197101423,0.17269665832,0.178377469449,0.175991528774,0.175991528774,0.17667322611,0.17974086412,0.178150237003,0.179286399229,0.179627247897,0.179059166784,0.176445993665,0.171219647426,0.170310717646,0.171219647426,0.170992414981,0.167583928304,0.167015847191,0.166220533633,0.165993301188,0.167470312081,0.166902230968,0.170197101423,0.173946436768,0.175309831439,0.175991528774,0.174400901658,0.174741750326,0.174287285436,0.171106031204,0.16962902031,0.171106031204,0.170878798758,0.1700834852,0.165993301188,0.1665613823,0.169742636533,0.166902230968,0.166447766078,0.169515404087,0.171560496094,0.1700834852,0.16962902031,0.170992414981,0.174514517881,0.172469425875,0.174173669213,0.17621876122,0.179286399229,0.179513631674,0.18019532901,0.189057394371,0.191443335045,0.193374810829,0.192920345939,0.195987983948,0.195419902835,0.197578611064,0.196101600171,0.199737319293,0.200532632851,0.195306286613,0.195419902835,0.1947382055,